((B_1:0.971212550349698,C_1:0.971212550349698):0.5882032975465674,A_1:1.5594158478962654):0.0;
A_1:1.1248061245103322;
A_1:0.4359240684972949;
