(A_1:1.5447068402994486,(B_1:0.6074435455159288,C_1:0.6074435455159288):0.9372632947835199):0.0;
C_1:0.3502541810107058;
C_1:0.0614325126911226;
